N = 8
Restarts = 0
Steps = 7
Time = 0.0000 s
Solution = [1, 6, 4, 7, 0, 3, 5, 2]

N = 10
Restarts = 0
Steps = 46
Time = 0.0010 s
Solution = [1, 8, 5, 0, 2, 9, 6, 3, 7, 4]

N = 12
Restarts = 1
Steps = 20
Time = 0.0715 s
Solution = [1, 3, 8, 10, 7, 4, 11, 0, 6, 9, 2, 5]

N = 15
Restarts = 0
Steps = 47
Time = 0.0010 s
Solution = [4, 9, 12, 6, 3, 1, 7, 13, 10, 14, 2, 0, 5, 11, 8]

N = 20
Restarts = 0
Steps = 20
Time = 0.0000 s
Solution = [8, 19, 11, 16, 2, 0, 10, 17, 9, 6, 1, 3, 14, 18, 13, 15, 12, 5, 7, 4]

N = 30
Restarts = 0
Steps = 70
Time = 0.0094 s
Solution = [21, 19, 7, 28, 12, 20, 4, 11, 14, 18, 5, 2, 26, 10, 16, 27, 29, 24, 8, 0, 23, 13, 15, 17, 25, 3, 22, 9, 1, 6]

N = 40
Restarts = 0
Steps = 266
Time = 0.0278 s
Solution = [10, 5, 29, 24, 30, 13, 39, 22, 15, 26, 28, 4, 8, 3, 11, 37, 1, 19, 31, 25, 2, 12, 38, 9, 16, 36, 27, 21, 0, 34, 17, 20, 32, 6, 33, 23, 14, 35, 18, 7]

N = 50
Restarts = 0
Steps = 75
Time = 0.0028 s
Solution = [11, 22, 16, 39, 32, 40, 14, 6, 27, 34, 2, 38, 45, 17, 23, 33, 12, 7, 21, 0, 30, 19, 4, 35, 44, 9, 15, 43, 1, 3, 47, 24, 20, 28, 41, 37, 49, 42, 25, 8, 46, 18, 36, 10, 29, 31, 5, 48, 26, 13]

N = 100
Restarts = 0
Steps = 137
Time = 0.0443 s
Solution = [71, 47, 51, 89, 68, 28, 30, 18, 97, 37, 39, 98, 56, 48, 59, 14, 49, 11, 69, 44, 22, 75, 88, 12, 38, 35, 8, 25, 93, 50, 13, 46, 70, 96, 86, 82, 45, 76, 60, 31, 67, 17, 2, 84, 3, 63, 23, 78, 9, 99, 5, 52, 43, 1, 74, 21, 34, 73, 20, 95, 55, 91, 42, 26, 83, 32, 53, 19, 58, 54, 87, 4, 65, 80, 77, 81, 15, 85, 16, 6, 66, 7, 61, 57, 0, 29, 36, 24, 72, 94, 90, 79, 41, 62, 64, 92, 10, 27, 33, 40]

